27279
19941
27577
26492
14125
26165
13722
8825
27107
30736
6374
8577
12401
12839
32240
22879
18680
23973
28686
32592
29782
9212
31418
32043
31392
28683
31374
20952
31928
30294
31927
32469
15804
30974
32629
23960
26294
32373
27000
24271
10935
26806
22881
29826
14318
30511
20274
32478
32412
32662
30961
20985
30727
11804
6557
22866
32755
31470
22587
26663
29386
32123
31863
24892
15527
30450
29438
31159
32741
1468
16292
26864
23884
25747
24549
8083
22799
30973
30224
24896
31617
16579
29118
30730
20669
30329
32537
21774
16784
31070
31613
32146
27796
30515
15973
24049
32595
9061
31923
26004
29664
32759
32372
32750
28827
31696
29451
10390
32750
29444
31041
29307
29963
29604
28026
31842
30116
32419
30873
31797
32766
29728
31962
32642
31439
17104
24927
20307
22116
18956
30219
31600
26079
32474
32758
28501
28121
26624
32743
25463
20521
29611
31014
29579
32760
32043
28419
30339
32055
32661
31126
29319
32737
30093
27170
32050
29979
29826
26661
30857
32498
27424
30579
31391
19108
31527
32618
26743
30674
32258
24639
31391
32574
30528
27836
31980
