1297
14736
23293
410
6545
15951
72714
5114
18745
46188
21077
33402
43785
265
43621
73969
10167
484
15927
5304
20148
34870
21821
43931
48888
6100
103522
8450
77367
31564
9401
87359
69907
21307
23425
14185
18479
16358
16457
47468
58405
29135
2498
43905
1210
73214
54589
31933
102240
44028
83495
3061
55693
63239
45004
376
122435
2027
33751
23839
96914
29857
31451
184
4727
8603
106621
68622
3792
79943
15390
23503
20664
1008
31459
3967
91777
113747
29566
37069
37602
6594
5554
1543
90
696
17958
44252
19060
3456
11475
11234
7964
67940
73577
7705
1950
31489
25076
80953
500
35496
38272
22657
22767
20671
100224
72138
7920
83638
24297
13929
11498
8767
27072
25637
26067
8834
8982
59361
121953
52399
17903
44420
26923
22981
5709
56123
8755
47
6243
2393
12622
31393
69822
38105
4749
112447
4932
98560
100725
48135
75102
49608
2462
6573
43815
2193
48999
7901
54904
8247
30039
36122
12907
510
22732
5684
13306
15092
3836
25088
26610
17344
58972
11577
20380
22022
8780
10395
28891
9760
49423
38268
7291
45337
63564
28440
30948
26874
489
27744
3380
67508
21155
30782
2312
9118
64039
99057
6296
17409
22030
67473
7622
43856
60542
11649
1033
36966
124331
63575
118025
30388
13298
25996
93667
123405
12530
2116
5320
35940
86618
56623
2286
30158
3923
14523
75026
100665
36831
5607
1159
6331
3295
5787
84511
26925
92696
85954
56769
20402
1820
3977
6234
37609
73481
63732
7943
86593
843
14944
20449
67531
2697
88435
117201
6257
76732
2577
64209
8708
48657
61761
27623
